
815,22,0.000210,580.997986,12

1011,23,0.000260,686.264038,15

73,17,0.000010,42.291389,13

954,25,0.000240,623.174438,17

88,16,0.000010,47.651161,10

689,22,0.000200,572.956482,12

350,22,0.000060,204.593338,14

575,21,0.000120,355.625519,11

224,17,0.000040,154.983047,7

175,21,0.000020,94.060127,13

467,23,0.000090,285.294556,15

1051,23,0.000280,739.454468,11

209,19,0.000030,118.012627,13

660,22,0.000180,518.566589,14

226,19,0.000040,157.794388,13

1594,22,0.000520,1296.547363,10

307,20,0.000050,185.867371,10

44,21,0.000000,21.085714,19

345,22,0.000060,188.133118,18

535,22,0.000120,334.151367,16

33,16,0.000000,15.421053,14

115,16,0.000010,60.296116,10

1336,25,0.000400,1013.522339,15

879,22,0.000230,607.486938,14

748,23,0.000170,478.494141,13

1134,25,0.000340,846.973816,15

319,21,0.000060,209.336105,15

51,13,0.000000,25.329670,7

533,23,0.000110,340.148773,13

335,24,0.000060,185.423859,16

834,24,0.000200,524.646545,14

112,16,0.000010,57.804020,12

26,18,0.000000,11.869565,16

637,23,0.000160,457.300385,13

1709,26,0.000540,1304.436401,14

1832,27,0.000550,1289.494141,17

232,22,0.000040,129.178406,14

1726,26,0.000530,1270.700928,14

674,22,0.000160,467.437347,12

2293,25,0.000840,1925.868530,13

78,14,0.000000,39.338131,8

783,25,0.000210,566.783752,19

592,21,0.000140,415.265350,11

2241,26,0.000820,1867.943115,16

1744,24,0.000570,1358.689453,14

288,24,0.000040,144.895493,20

42,18,0.000000,19.986301,14

520,23,0.000110,315.809448,15

424,21,0.000080,256.574219,11

2917,28,0.000960,2085.010254,16

222,20,0.000030,123.598610,12

2896,27,0.001200,2606.421631,15

179,19,0.000030,102.512604,11

1022,26,0.000250,643.357971,16

167,18,0.000020,93.301537,12

747,24,0.000230,599.642578,16

205,18,0.000030,113.036179,8

1241,24,0.000320,835.309937,12

232,23,0.000030,122.225655,17

713,24,0.000190,509.183136,16

1421,27,0.000450,1043.780273,19

2190,25,0.000810,1877.333496,13

170,21,0.000020,97.686928,15

51,22,0.000000,23.816092,18

4083,28,0.001790,3717.911865,14

91,20,0.000010,48.563637,16

2966,27,0.001220,2656.498291,17

2299,27,0.000750,1682.047729,15

688,25,0.000190,514.135681,19

2012,24,0.000770,1803.164185,10

890,24,0.000230,585.027893,16

239,22,0.000040,130.645370,16

3214,27,0.001420,3084.283691,15

1625,26,0.000500,1195.467529,18

4283,25,0.002090,4334.299805,11

745,26,0.000190,501.666473,20

364,20,0.000070,240.029190,14

2085,26,0.000800,1796.151489,16

96,16,0.000010,48.017750,10

2754,27,0.001040,2274.418457,17

427,19,0.000110,351.073669,11

742,25,0.000160,431.208832,21

69,15,0.000000,33.033058,11

35,17,0.000000,16.737705,13

108,15,0.000010,62.023254,7

988,25,0.000290,756.647339,17

164,17,0.000020,91.713394,11

2389,27,0.000780,1732.156860,17

358,20,0.000070,243.181152,8

359,20,0.000080,254.038422,12

1598,27,0.000490,1137.489258,21

877,26,0.000230,594.913513,18

707,22,0.000180,508.152618,12

260,22,0.000040,141.755783,14

399,22,0.000090,270.166656,12

186,19,0.000030,98.507462,17

413,20,0.000090,278.998962,8

711,21,0.000220,605.976318,9

1462,24,0.000410,997.833496,14

1298,25,0.000420,1040.419312,13

